34,74,26,89,64,44,55,65,53,16,18,95,73,82,43
36,44,89,93,56,18,76,99,26,74,96,41,65
47,96,89,57,64,44,55,36,66,65,53,16,18,95,73,82,41,63,97,54,71
66,16,64,89,84,44,91
54,94,21,71,69,32,14
26,54,96,18,75,36,97,41,95,16,55
55,79,56,47,57,69,44,34,84,88,76,17,74,96,36,99,26,32,64,66,89,65,93
96,29,93,17,56,88,58,76,69,79,99,44,32,14,34,21,84,26,47
71,92,94,62,35,33,78,11,29,17,79,32,88,69,99,34,56,93,76
75,97,28,54,71,92,94,62,35,33,78,11,29,58,17,84,91,32,88,69,99
82,43,71,62,11,21,58
97,84,92,41,43,54,75,79,32,29,63
94,35,78,11,14,79,84,88,99,34,76
79,32,74,66,65,96,64,57,55,17,44,99,93,91,56,47,84,26,34,89,76,88,36
66,65,18,63,92
28,54,71,94,62,11,21,14,17,79,84,91,88,69,99,34,56
93,18,44,96,55,53,43,95,75,36,26,63,16
97,54,62,35,33,78,11,29,21,14,84,99,34
65,16,41,43,97,71,62
75,35,62,32,29,79,84,14,97,58,28,11,41
92,28,73,71,18,58,43,75,95,17,11
32,17,93,44,91,55,21
43,66,53,54,62,71,29
99,32,62,93,74,35,26,17,88,79,69,94,34
28,54,71,92,94,62,35,33,29,21,58,14,17,79,84,91,32,88,69,34,56
57,64,44,55,36,66,65,53,16,18,95,73,82,41,43,63,75,97,28,54,71,94,62
29,18,82,43,97,33,78,35,71,75,11,28,53,54,92,63,58,95,62,41,94,73,21
71,35,33,11,29,21,58,14,17,84,91,32,88,69,34,93,76
29,58,14,17,79,84,91,32,88,99,34,56,93,76,74,26,47,96,89,64,44
99,89,69,93,32,57,36,79,55,34,74,47,44,53,76,64,26
95,96,47,44,57,43,93,18,55,53,76,65,64,66,16,75,63,41,26,89,82
69,99,56,74,26,96,64,44,55,53,18,95,82
17,79,84,91,99,34,56,76,26,47,57,36,65
95,82,41,43,63,75,28,54,71,92,94,62,35,33,78,29,21,58,14,17,79
79,56,14,99,96,91,58,78,11,26,34,47,29
73,95,33,18,65,63,75,43,94,66,92,53,82,78,16,41,54
69,33,58,84,94,35,32,14,29,88,71,54,78,56,99,92,11,93,34,62,21
63,75,28,71,92,62,35,78,11,21,14,79,84,91,69
92,62,57,16,18,41,95,65,28
73,74,63,44,26,95,56,57,89,41,65,55,18
95,82,96,76,63,16,44,26,97,89,64,74,43,57,53
64,18,96,57,43,41,34
57,64,44,55,36,65,16,82,41,43,63,75,97,28,54,71,92,94,62
94,62,35,33,29,58,17,32,88
84,32,88,69,99,34,56,76,74,26,47,96,89,57,64,55,36,66,65,53,16
54,71,92,94,62,35,33,78,11,29,21,58,14,17,91,32,88,69,93
84,26,32,17,47,93,79,88,91,33,99,76,56,21,69,78,89,29,96
63,75,94,43,21,97,62,58,11,88,35,54,78,17,29,92,79
11,73,97,62,75,63,36
21,88,33,29,56,35,11,34,99,32,26,74,93,58,96,84,79,69,76,91,47
41,74,26,64,75,96,47,97,44,66,28
47,73,76,64,26,99,66,18,93,55,41,82,53,89,36,34,57,74,95
99,17,64,93,56,55,74,89,21,91,26,14,34,57,32
62,35,17,84,32,99,56,76,47
92,84,21,62,28,79,91
79,88,56,76,47,96,57
63,64,76,89,66,53,43,36,57,18,65,95,82,93,73,96,44
34,93,74,26,89,57,53,16,73
74,26,96,89,57,64,55,36,65,53,18,95,73,82,63,75,28
53,16,18,95,73,82,41,43,63,75,97,28,54,71,92,94,62,35,33,78,11,21,58
88,96,89,57,64,55,66,16,18
47,96,57,64,44,55,36,66,65,53,16,18,95,73,82,41,43,63,75,97,28,54,71
29,58,14,79,91,32,88,99,34,93,76,74,26,47,96,89,57,64,44
33,94,82,35,63,73,18
88,35,69,58,11,91,54,14,28,21,99,71,62,32,97,29,78,33,84,75,17
99,64,44,74,55,66,57,26,32,84,53,96,34,16,65
73,18,43,97,36,96,53,41,54,47,28,26,16,89,63
92,97,28,16,63,62,71,55,75,36,33,41,65
58,26,76,33,62,69,99,78,14,56,74,94,29,17,91,32,11
75,64,95,57,73,71,44,82,18,53,54,28,16,36,55,89,92,97,43,94,66
17,79,84,32,88,69,99,34,93,76,74,26,47,57,64,55,36,66,65
18,44,55,64,57,93,96,65,47,43,41,53,76,75,82
65,34,16,88,95,69,47,66,32,64,96,53,56,36,55,93,44
92,94,62,35,33,78,11,29,21,58,14,17,79,84,91,32,88,69,99,34,56,93,74
94,33,29,58,14,88,34,93,26
17,75,79,78,92,28,33,82,14,43,95,63,41
82,41,43,63,75,97,28,54,71,62,35,33,29,21,58,14,79,84,91
84,94,88,33,32,62,78,93,35,79,54,91,21,99,92,29,14
32,76,91,96,64,11,79
47,96,57,66,65,53,16,73,82,63,97,28,54
43,17,63,54,79
65,53,16,18,95,73,82,41,43,63,75,97,28,54,71,92,94,62,35,33,78,11,21
34,56,93,76,26,47,96,89,57,64,44,55,36,66,65,53,16,18,95,73,82,41,43
63,43,95,97,26,82,57,16,36,18,73,54,89,53,47,65,64
17,79,84,32,69,99,34,56,93,76,74,26,47,96,57,64,44,66,65
36,66,53,16,18,73,82,41,43,63,75,28,54,71,92,94,62,35,33,78,11
11,21,17,14,32,71,56,76,94
63,41,57,74,89,96,97
73,41,63,97,54,94,62,33,78,11,29,17,79
56,79,26,93,69,65,32,44,91,74,99,89,64,36,96,47,76,57,34
44,17,14,66,36,32,84,89,99,34,57,76,55,47,69,91,26
36,66,65,16,18,95,82,41,43,63,75,97,28,71,92,35,78
58,54,28,21,75,11,92
78,62,99,11,97,17,34,58,28,84,14
78,53,41,73,28,58,94,82,97
26,47,96,57,65,53,18,97,54
82,41,63,75,97,54,71,92,94,62,35,78,11,21,14,17,79,84,91
41,63,75,28,92,94,14,84,32
35,14,16,29,43,92,95,21,63
16,95,73,41,43,63,97,54,62,35,33,11,29,21,14
66,65,53,16,18,95,73,82,41,43,75,97,28,54,71,92,94,62,35,33,78,11,29
41,66,57,16,97,28,89,73,43,47,55,44,74,26,63,75,95
41,97,95,53,78,66,94,18,75,55,62,28,73
73,16,11,53,36,54,71,95,43,63,33,28,75,62,18,41,92
91,32,88,99,76,26,89,55,53
66,96,16,53,36,47,55,97,64,89,18,65,75,41,63
14,17,84,91,32,88,69,99,34,93,74,26,47,96,89,57,64,44,55,36,66
96,64,55,16,82,63,92
14,62,73,78,17,71,95,58,75,35,63,28,82,43,11,41,92,54,21,97,18,33,29
73,82,41,43,63,75,97,28,54,92,94,62,78,11,29,21,58,14,17,79,84
97,14,28,43,75,58,33,82,17,62,29,91,63,78,35
71,54,14,97,92,79,58,69,99,94,75
16,18,55,93,57,91,96,53,32,64,36,88,66
21,33,63,54,17,62,92,11,35,14,32,79,84
93,63,74,96,55,56,66,41,26,65,43
95,75,73,63,35,62,65,97,82,18,66,55,71,94,44,92,53,36,43,64,41
18,95,41,43,63,75,28,54,71,92,94,62,35,33,78,11,29,21,58,14,17
69,57,76,96,44,32,21,91,79,29,93
55,36,95,65,89,44,64,73,53,71,82,63,75,43,18,28,66
54,58,97,21,35
92,78,21,14,79,32,88,69,99,34,56,93,74
41,63,75,58,33,73,21,11,29
79,63,88,54,33,91,35,17,29,92,43,11,21
16,18,95,82,41,43,63,75,97,28,54,71,92,94,62,35,78,58,14
21,58,17,79,84,91,32,88,69,99,34,56,93,76,74,26,96,57,64,44,55
73,82,41,43,63,75,71,94,62,33,11,58,84
84,32,57,17,36,79,58,76,69
11,14,78,26,69,84,34,88,58,79,32
78,11,58,17,79,84,69,76,74,26,96,89,57
56,65,18,34,64,53,93,96,89,44,26,95,66,99,57
75,97,28,71,92,94,62,35,78,11,29,21,58,79,84,32,88,69,99
97,71,33,21,17,91,34
73,69,99,56,55,93,82,76,57,74,64,44,96,16,66,26,95,36,18
89,74,78,88,17,14,11,32,57,76,56,26,29,84,21
95,41,17,63,28,75,58,35,14,54,11,73,21,97,33
35,62,54,92,97,84,32
84,54,88,21,35,93,62
14,29,34,17,99,88,69,21,84,79,11,91,56,74,78,93,89,58,26,96,76,47,32
66,79,56,36,88,91,84,64,74,34,47,96,14
55,92,66,54,95,82,16,44,18,96,73,97,43,65,63
44,18,91,76,88,16,65,93,64,32,34,47,56,57,96,36,74,55,89
17,29,32,14,34,56,33,78,71
14,56,29,99,88,17,71,28,84
93,26,57,65,16,18,82,41,75
78,29,28,14,71,63,58,43,41,97,94,33,62,84,82,17,54,79,75,92,35,21,11
65,53,95,73,82,41,43,63,75,97,28,54,71,94,62,35,33,78,11,29,21
36,65,53,18,73,82,54,78,11
18,73,75,28,92,94,62,35,78,11,29,21,58,14,17
18,16,55,69,96,91,66,34,44
69,34,56,93,26,47,96,57,55,66,53,18,95,73,82
63,75,28,54,94,35,11,29,21,79,84,91,88
44,26,89,16,18,69,66,95,57,47,53,73,55,74,36,82,65,76,56,34,99,64,96
93,69,65,82,57,89,66,56,53,16,73,34,64,76,55,26,95,44,36,96,74
11,58,97,63,35,33,73,29,53,21,92
28,71,92,94,62,35,33,78,11,29,21,58,14,17,79,84,91,32,88,69,99,34,56
73,58,97,41,18,14,28,43,82,54,62,16,35
53,55,44,93,26,89,66,43,16,57,36,82,65,73,96,76,41,34,74,47,95
74,76,36,65,69,55,17
84,32,11,33,63,92,78,28,91,79,35,58,41,54,97,71,43
74,44,76,84,29,91,34,21,32,69,96,64,57
62,35,29,21,17,79,84,91,32,88,69,99,34,56,76,74,47
28,94,33,11,58,91,56
47,55,88,79,65,64,53
63,97,28,94,78,11,29,21,32,88,69
73,97,54,71,92,62,35,33,11,29,21,17,84
29,21,58,14,17,79,84,69,99,34,74,47,89,57,64
29,43,54,58,35,82,92,71,91,11,62,84,63,17,94
73,41,43,63,54,71,94,62,35,33,78,11,29,21,14,17,84
64,55,66,53,82,43,63,75,97,28,54,92,94,62,35
54,94,62,78,11,58,32
57,47,84,96,14,99,56,64,34,17,55,76,44,58,89,91,69,74,26,79,36
14,79,84,91,32,88,69,99,34,56,93,76,74,26,47,96,89,57,64,44,55,36,66
16,95,73,41,63,97,28,54,92,94,35,78,11,29,14
32,69,74,84,91,76,78,33,26,34,99,89,17,58,79,96,14
47,57,55,66,65,53,95,43,63,97,71
89,44,55,66,65,53,16,95,82,43,63,75,28,54,71,92,94
33,78,29,21,58,17,84,91,88,99,56,93,76,74,26,96,89
94,78,76,62,11,26,29,91,14,79,17,35,74,69,32,99,21,58,56
93,89,96,32,56,74,64,79,44,55,99
89,14,33,21,74,88,91,47,76,26,93
28,54,71,94,62,33,78,29,21,17,79,84,91,32,88,69,56
63,75,97,54,71,92,94,62,35,33,11,29,21,58,17,79,84,91,32,88,69
33,14,17,34,76
88,69,34,56,93,76,74,26,47,96,89,57,64,44,55,36,66,65,53,16,18,95,73
36,66,65,18,95,73,41,63,97,54,92,33,11
62,11,41,94,21,92,75,73,82,14,28
18,36,16,56,47,43,93,53,34,44,26,66,96,89,55,74,95,64,73
89,64,44,55,36,65,16,18,95,82,43,63,97,28,54,92,94
99,71,93,79,35,76,84,32,62,29,91,78,11,92,88,21,94,14,17,33,56,69,58
93,16,88,65,44,56,55,96,84,53,57
47,64,44,55,65,53,16,95,82,41,43,97,28,54,71
29,58,84,34,56,93,76,26,47,89,57,64,44
32,69,17,35,94,11,99,88,56,92,79,21,74,84,91
16,95,73,63,75,92,35,11,29,21,14
88,69,34,76,74,26,57,44,55,53,16,95,73
99,14,17,56,32,93,79,47,35
54,97,33,21,43,14,11,75,73,71,78,17,41
62,78,11,88,69
93,74,96,57,64,44,55,53,18,95,73,41,63
54,29,79,91,99,92,93